156	0	25
157	0	103
244	0	46
37	1	16
38	1	69
157	1	35
158	1	86
159	1	23
244	1	37
37	2	17
38	2	111
158	2	16
159	2	56
225	3	51
226	3	25
225	4	24
226	4	50
226	5	45
227	5	124
55	6	57
55	7	24
56	7	39
209	7	21
210	7	47
209	8	11
210	8	41
24	10	19
25	10	31
26	10	32
27	10	37
28	10	7
35	10	29
36	10	86
23	11	30
28	11	30
29	11	37
30	11	32
35	11	40
36	11	29
63	11	23
64	11	4
22	12	32
61	12	37
62	12	42
63	12	19
64	12	44
65	12	33
20	13	8
21	13	30
61	13	31
65	13	52
66	13	63
18	14	16
19	14	33
20	14	14
61	14	42
18	15	28
76	15	21
77	15	17
78	15	15
180	15	33
14	16	19
17	16	32
18	16	9
77	16	21
78	16	61
79	16	28
180	16	51
10	17	13
12	17	30
13	17	25
14	17	23
15	17	25
77	17	117
78	17	48
180	17	27
9	18	23
10	18	52
11	18	63
12	18	24
15	18	212
16	18	38
180	18	31
10	19	52
11	19	66
15	19	60
16	19	3
112	19	49
16	20	15
111	20	25
112	20	48
152	20	24
153	20	13
25	21	29
26	21	34
27	21	31
28	21	9
111	21	18
152	21	31
28	22	30
29	22	30
152	22	39
153	22	51
175	22	25
176	22	60
32	23	40
175	23	26
176	23	16
32	24	38
32	25	33
32	26	29
119	26	51
120	26	24
32	27	17
33	27	23
120	27	53
33	28	53
120	28	47
118	29	61
119	29	59
120	29	23
32	30	23
118	30	33
119	30	23
32	31	29
239	31	1
240	31	12
32	32	22
239	32	17
240	32	17
32	33	40
88	33	29
89	33	26
240	33	40
31	34	17
32	34	36
86	34	25
88	34	53
89	34	22
128	34	37
239	34	15
240	34	35
20	35	87
86	35	74
87	35	70
88	35	30
128	35	32
239	35	33
128	36	44
239	36	122
129	37	38
239	37	74
106	40	30
107	40	34
108	40	45
106	41	12
107	41	23
77	42	56
76	43	16
77	43	13
7	44	16
8	44	40
9	45	51
9	46	21
10	46	28
136	46	5
135	47	33
135	48	29
44	49	20
134	49	24
135	49	26
44	50	52
135	50	39
138	50	61
44	51	39
135	51	14
136	51	37
137	51	58
138	51	49
44	52	24
85	53	24
86	53	26
86	54	37
87	54	25
87	55	40
88	55	14
186	55	36
187	55	65
88	56	29
89	56	28
90	56	48
187	56	57
187	57	58
186	58	54
186	59	16
187	59	39
145	60	81
146	60	38
145	61	27
146	61	66
43	62	22
1	63	22
43	63	19
1	64	67
2	64	42
43	64	20
2	65	41
42	65	18
2	66	63
3	66	48
42	66	24
3	67	23
169	67	24
3	68	34
41	68	26
169	68	34
3	69	32
41	69	21
64	69	13
169	69	32
3	70	34
41	70	22
169	70	35
3	71	28
41	71	26
169	71	61
3	72	26
41	72	31
62	72	56
169	72	24
3	73	2
4	73	28
42	73	27
61	73	43
62	73	11
89	73	25
90	73	121
184	73	17
4	74	37
42	74	28
60	74	39
61	74	16
184	74	110
185	74	16
4	75	56
5	75	19
43	75	32
44	75	27
45	75	35
46	75	9
53	75	28
54	75	35
58	75	26
59	75	24
151	75	57
5	76	37
6	76	15
7	76	42
55	76	24
56	76	27
57	76	26
58	76	15
151	76	102
152	76	20
6	77	56
151	77	31
152	78	80
153	78	34
152	79	44
17	80	121
151	80	7
152	80	26
16	81	29
17	81	42
148	81	24
149	81	26
150	81	23
151	81	27
146	82	13
147	82	29
146	83	23
145	84	27
140	85	77
141	85	76
142	85	37
143	85	20
144	85	24
145	85	22
140	86	8
141	86	52
142	86	34
143	86	38
83	93	14
84	93	27
211	97	60
211	98	37
212	98	36
213	99	23
110	100	22
111	100	17
110	101	28
111	101	93
53	107	3
54	107	70
55	107	37
56	107	37
125	107	42
126	107	84
53	108	81
54	108	14
125	108	91
126	108	32
122	111	7
123	111	22
122	112	36
18	113	41
121	113	25
122	113	21
17	114	31
18	114	11
121	114	32
16	115	29
17	115	5
57	115	17
58	115	10
121	115	30
15	116	31
16	116	15
121	116	22
13	117	19
14	117	27
121	117	18
122	117	103
13	118	29
122	118	48
240	118	28
241	118	73
123	119	30
238	119	24
239	119	38
237	120	21
15	121	45
129	121	49
130	121	39
15	122	20
16	122	50
17	122	15
128	122	31
129	122	33
130	122	52
17	123	19
53	128	65
53	129	42
132	130	64
133	130	34
75	137	15
91	137	64
92	137	38
75	138	43
78	138	18
79	138	27
92	138	49
93	138	19
75	139	28
76	139	31
79	139	13
80	139	36
92	139	30
93	139	15
76	140	16
77	140	15
80	140	26
81	140	14
77	141	31
42	142	14
77	142	29
42	143	63
43	143	25
76	143	21
42	144	22
43	144	38
76	144	28
75	145	16
76	145	20
75	146	36
74	147	16
75	147	20
183	147	50
74	148	47
183	148	79
73	149	30
74	149	23
182	149	94
183	149	59
73	150	31
182	150	37
73	151	43
216	163	42
217	163	10
216	164	7
217	164	85
218	164	24
83	166	69
158	166	17
159	166	55
83	167	57
86	170	62
86	171	70
87	171	16
19	173	44
20	173	36
19	174	38
20	174	21
116	174	14
117	174	78
19	175	53
117	175	17
19	176	26
17	177	106
18	177	17
19	177	26
17	178	23
18	178	49
159	180	17
160	180	34
161	180	34
159	181	21
160	181	60
65	200	92
64	201	47
100	213	53
101	213	60
86	214	30
237	214	23
86	215	49
237	215	32
86	216	33
189	216	23
190	216	23
237	216	29
86	217	32
189	217	28
190	217	13
191	217	39
192	217	22
237	217	23
86	218	8
87	218	47
237	218	36
87	219	32
88	219	22
129	219	36
237	219	39
102	220	24
105	220	22
106	220	24
129	220	27
236	220	21
237	220	21
105	221	31
106	221	43
117	221	71
118	221	19
128	221	25
129	221	19
191	221	41
65	222	4
66	222	42
102	222	19
103	222	48
104	222	44
105	222	18
128	222	44
129	222	4
190	222	64
191	222	23
229	222	34
66	223	77
67	223	55
128	223	20
129	223	9
190	223	22
229	223	47
237	223	25
4	224	61
5	224	53
66	224	34
67	224	15
129	224	28
230	224	29
237	224	22
87	225	33
88	225	34
129	225	29
237	225	32
129	226	24
130	226	16
130	227	19
129	228	6
130	228	24
104	229	42
105	229	27
106	229	27
107	229	79
108	229	98
129	229	21
130	229	11
70	230	35
73	230	30
104	230	65
105	230	30
106	230	26
107	230	39
108	230	99
109	230	15
129	230	22
70	231	15
71	231	26
72	231	21
129	231	19
130	231	11
129	232	27
129	233	36
129	234	23
238	234	23
129	235	21
239	235	25
240	235	28
129	236	24
241	236	21
242	236	27
129	237	29
130	237	11
243	237	30
244	237	22
56	238	27
130	238	49
244	238	9
245	238	42
246	238	28
55	239	17
56	239	21
130	239	49
246	239	31
247	239	33
55	240	64
130	240	29
0	244	98
246	252	38
247	252	14
33	253	64
246	253	89
247	253	46
33	254	90
34	254	31
35	254	41
36	254	86
37	254	43
33	255	22
34	255	17
35	255	12
121	255	3
