230	2	11
230	3	33
228	4	28
229	4	76
35	15	29
36	15	28
35	16	93
36	16	50
35	17	18
36	17	46
244	17	36
245	17	35
246	17	33
247	17	32
36	18	19
37	18	21
37	19	26
37	20	30
37	21	14
38	21	29
92	21	30
215	21	16
38	22	31
92	22	56
93	22	57
120	22	29
93	23	30
94	23	34
120	23	111
39	24	23
120	24	30
38	25	69
35	26	27
36	26	33
38	26	56
37	27	29
38	27	104
221	27	4
222	27	32
220	28	2
221	28	93
222	28	97
199	29	51
220	29	77
221	29	39
147	30	34
147	31	61
148	31	34
149	31	29
150	31	26
151	31	28
152	31	9
147	32	30
150	32	13
151	32	32
152	32	7
147	33	54
148	33	3
164	44	13
164	45	52
163	46	53
164	46	38
163	47	23
4	48	50
165	48	47
166	48	81
3	49	39
4	49	30
2	50	34
3	50	21
2	51	39
18	51	23
1	52	16
2	52	21
108	52	97
1	53	38
0	54	61
1	54	4
146	54	22
0	55	59
1	55	32
145	55	30
146	55	28
1	56	23
2	56	159
3	56	74
145	56	36
2	57	18
144	57	24
166	59	43
167	59	32
167	60	30
168	60	7
168	61	32
227	61	54
1	62	49
168	62	27
226	62	22
227	62	36
1	63	42
2	63	37
169	63	22
169	64	13
163	65	12
164	65	37
164	66	9
165	66	56
166	66	7
166	67	33
167	67	32
167	68	3
168	68	115
169	68	70
189	71	40
190	71	96
191	71	24
190	72	11
191	72	12
43	73	64
44	73	16
44	74	28
45	74	25
41	75	41
42	75	61
43	75	40
44	75	41
40	76	143
41	76	45
42	76	8
43	76	7
95	84	50
96	84	17
50	85	28
95	85	29
96	85	25
100	85	8
138	85	19
50	86	19
51	86	29
96	86	26
100	86	40
138	86	44
51	87	39
89	87	52
96	87	32
100	87	24
101	87	55
138	87	36
220	87	40
221	87	32
51	88	33
87	88	87
88	88	35
89	88	83
96	88	24
101	88	89
139	88	25
165	88	29
166	88	21
219	88	11
220	88	108
221	88	49
51	89	25
87	89	3
88	89	30
89	89	17
90	89	35
91	89	9
96	89	20
139	89	23
165	89	31
166	89	30
220	89	42
51	90	43
91	90	83
97	90	30
139	90	37
220	90	32
221	90	14
51	91	25
98	91	24
139	91	27
140	91	18
220	91	25
221	91	24
222	91	25
51	92	32
52	92	8
98	92	24
99	92	5
140	92	26
222	92	27
223	92	19
51	93	11
52	93	63
53	93	23
54	93	97
99	93	29
140	93	26
222	93	39
223	93	32
53	94	41
54	94	51
55	94	40
100	94	29
139	94	38
222	94	18
223	94	76
29	95	30
30	95	58
100	95	27
139	95	22
29	96	38
100	96	28
138	96	27
139	96	41
55	97	15
100	97	16
101	97	6
55	98	45
56	98	24
57	98	32
100	98	16
101	98	16
55	99	23
56	99	25
101	99	21
101	100	24
146	100	10
101	101	33
145	101	21
146	101	37
102	102	35
105	102	26
106	102	24
107	102	26
145	102	38
102	103	2
103	103	28
104	103	29
105	103	14
107	103	8
108	103	37
109	103	24
144	103	28
144	104	23
145	104	23
145	105	34
145	106	34
146	107	32
147	107	21
204	107	21
205	107	17
147	108	27
148	108	43
203	108	28
204	108	30
148	109	64
203	109	66
145	111	42
146	111	6
93	112	46
94	112	93
146	112	38
92	113	24
93	113	48
146	113	20
92	114	49
147	114	27
92	115	39
93	115	18
93	116	16
94	116	22
113	118	22
114	118	20
112	119	27
113	119	35
97	120	54
112	120	27
97	121	26
112	121	9
97	122	16
97	123	16
98	123	61
99	123	15
58	126	30
59	126	11
58	127	110
128	128	49
129	128	88
49	129	27
50	129	33
49	130	52
47	131	46
48	131	43
49	131	28
139	131	48
140	131	11
47	132	42
139	132	27
140	132	28
46	133	40
47	133	13
140	133	39
46	134	34
113	134	106
114	134	24
140	134	42
141	134	30
142	134	43
143	134	28
144	134	37
145	134	27
146	134	31
147	134	18
112	135	21
113	135	65
105	136	34
104	137	29
105	137	66
111	137	16
112	137	19
104	138	69
111	138	41
104	139	33
105	139	30
111	139	31
105	140	33
112	140	47
105	141	21
106	141	33
112	141	30
242	141	13
105	142	23
106	142	37
241	142	21
242	142	50
105	143	29
241	143	78
72	145	29
242	161	27
104	162	13
241	162	73
242	162	24
99	163	21
104	163	97
241	163	74
242	163	35
243	163	49
99	164	71
99	165	13
127	166	12
240	166	186
125	167	25
126	167	46
127	167	92
126	168	22
127	168	66
4	169	10
4	170	36
153	170	14
154	170	23
4	171	17
5	171	38
152	171	13
153	171	107
5	172	26
17	172	11
18	172	27
5	173	24
18	173	29
5	174	33
19	174	33
5	175	32
19	175	40
20	175	12
5	176	32
6	176	14
20	176	19
6	177	30
20	179	112
21	181	17
21	182	23
22	182	58
23	182	27
27	183	40
27	184	30
28	184	52
41	184	38
41	185	52
63	188	45
64	188	21
62	189	15
63	189	62
64	189	63
208	189	33
56	190	80
61	190	11
62	190	43
63	190	45
64	190	15
113	191	78
114	191	21
236	191	41
237	191	10
235	192	31
236	192	73
237	192	50
223	197	31
91	198	34
222	198	71
223	198	81
158	199	45
225	199	25
226	199	43
227	199	30
228	199	37
158	200	20
159	200	39
159	201	33
160	201	46
161	201	89
162	201	65
108	214	20
107	215	80
108	215	50
107	216	16
93	217	39
92	218	51
93	218	37
90	220	153
90	221	17
91	221	69
18	225	49
19	225	39
18	226	36
89	231	49
90	231	44
89	232	47
90	232	73
91	232	13
83	233	28
84	233	61
85	233	27
81	234	48
82	234	76
83	234	52
81	235	29
82	235	24
66	237	34
113	237	25
66	238	39
67	238	17
113	238	60
114	238	38
185	243	17
64	244	49
185	244	39
63	245	19
64	245	16
185	245	34
63	246	29
185	246	29
63	247	33
63	248	42
206	248	56
207	248	47
63	249	20
255	251	16
255	252	30
255	253	22
