125	0	49
126	0	36
204	0	17
205	0	29
206	0	40
75	1	26
76	1	29
77	1	9
201	1	24
202	1	55
203	1	37
25	2	120
26	2	37
74	2	29
77	2	47
201	2	17
26	3	30
27	3	27
127	3	41
7	4	43
25	4	86
26	4	24
126	4	20
127	4	34
6	5	51
7	5	26
126	5	49
130	7	12
131	7	14
132	7	15
130	8	44
131	8	30
132	8	26
133	8	45
134	8	35
134	9	40
133	10	44
134	10	32
132	11	41
133	11	66
132	12	44
133	12	32
107	19	52
108	19	99
107	20	8
108	20	7
187	22	43
188	22	4
187	23	40
188	23	24
83	24	8
84	24	27
85	24	30
86	24	20
82	25	19
83	25	26
85	25	40
86	25	14
82	26	15
60	27	69
61	27	23
104	30	25
105	30	43
106	30	38
102	31	10
103	31	34
102	32	30
102	33	40
173	33	45
102	34	32
173	34	47
46	35	43
47	35	31
48	35	22
49	35	26
102	35	28
40	36	25
46	36	16
47	36	37
48	36	29
102	36	40
40	37	73
46	39	52
47	39	3
46	40	131
47	40	139
48	40	17
55	41	36
55	42	9
56	42	81
57	42	7
56	43	18
12	49	82
12	50	5
201	65	53
16	66	44
92	66	33
201	66	72
15	67	7
16	67	61
92	67	55
93	67	4
14	68	116
15	68	44
16	68	20
92	68	32
17	73	19
192	73	60
193	73	25
17	74	26
191	74	21
192	74	50
18	75	32
18	76	43
58	76	64
59	76	58
18	77	39
19	77	21
58	77	153
59	77	56
19	78	17
57	78	17
58	78	60
57	79	14
157	80	29
158	80	28
158	81	45
157	82	99
158	82	43
157	83	20
66	88	8
67	88	24
68	88	74
83	91	33
84	91	45
84	92	29
85	92	15
69	95	51
70	95	32
69	96	58
70	96	94
128	96	39
128	97	126
129	97	3
92	99	97
252	100	37
250	101	4
251	101	48
252	101	26
199	104	43
200	104	49
200	105	40
91	106	49
200	106	47
91	107	54
184	110	24
185	110	70
210	110	13
177	111	28
210	111	41
174	112	11
175	112	42
176	112	34
177	112	5
178	112	33
179	112	21
210	112	40
172	113	48
173	113	54
174	113	36
210	113	40
170	114	92
171	114	43
209	114	14
210	114	43
209	115	30
131	116	7
209	116	17
210	116	19
130	117	25
131	117	58
209	117	36
210	117	16
129	118	14
130	118	32
131	118	31
209	118	76
237	125	30
238	125	54
239	125	23
149	126	36
150	126	41
150	127	43
55	128	15
56	128	47
57	128	116
58	128	29
150	128	32
57	129	15
205	134	52
206	134	59
207	134	37
205	135	22
206	135	35
207	135	36
206	136	25
113	145	53
112	146	11
113	146	34
138	146	7
139	146	22
138	147	30
139	147	20
131	148	29
132	148	34
133	148	27
134	148	29
135	148	25
138	148	35
130	149	27
131	149	14
138	149	35
124	150	22
125	150	48
126	150	24
127	150	22
128	150	36
129	150	26
130	150	7
137	150	72
138	150	44
125	151	16
126	151	15
127	151	11
137	151	94
117	152	35
118	152	37
116	153	71
117	153	68
244	154	7
243	155	47
244	155	88
243	156	43
244	156	78
243	157	27
3	159	83
5	159	27
6	159	43
3	160	40
4	160	55
5	160	32
91	163	20
29	164	73
91	164	23
108	164	19
197	164	43
91	165	20
108	165	14
109	165	30
110	165	84
197	165	22
198	165	50
91	166	26
107	166	46
108	166	35
109	166	27
91	167	32
106	167	21
107	167	15
91	168	27
106	168	28
92	169	31
105	169	38
93	170	18
94	170	34
95	170	26
96	170	28
105	170	29
97	171	23
98	171	23
103	171	28
104	171	39
99	172	51
100	173	34
87	174	26
88	174	31
100	174	51
180	174	29
181	174	34
182	174	52
86	175	51
87	175	29
99	175	49
100	175	20
138	178	118
139	178	31
144	178	46
146	178	22
147	178	36
137	179	8
138	179	57
139	179	12
144	179	46
147	179	109
148	179	42
0	180	30
1	180	25
2	180	30
3	180	17
137	180	16
138	180	83
3	181	41
4	181	30
138	181	53
4	182	18
5	182	27
6	182	6
138	182	48
139	182	20
6	183	33
137	183	25
138	183	24
139	183	40
7	184	36
59	184	26
60	184	24
66	184	9
136	184	37
137	184	79
138	184	29
139	184	38
8	185	37
9	185	46
59	185	91
60	185	123
61	185	57
64	185	68
65	185	46
66	185	37
68	185	20
135	185	37
136	185	24
137	185	63
62	186	38
63	186	35
64	186	24
68	186	103
69	186	16
135	186	59
68	187	15
134	187	49
135	187	24
160	187	38
99	188	77
100	188	43
159	188	23
160	188	120
161	188	41
224	188	30
225	188	35
226	188	43
227	188	33
99	189	72
160	189	29
161	189	78
217	189	42
218	189	38
219	189	12
226	189	12
3	190	11
100	190	35
217	190	43
3	191	79
4	191	80
182	191	25
183	191	72
184	191	29
217	191	20
218	191	19
225	191	61
3	192	20
4	192	16
218	192	33
225	192	39
218	193	28
216	194	13
217	194	178
218	194	13
63	209	38
63	210	38
62	211	13
63	211	34
62	212	17
66	213	36
67	214	33
124	217	4
124	218	37
124	219	26
125	219	64
72	221	14
72	222	38
72	223	40
71	224	11
72	224	23
71	225	18
72	225	20
71	226	27
186	226	21
187	226	21
185	227	39
186	227	31
183	228	19
184	228	32
177	229	84
182	229	33
183	229	19
83	230	69
84	230	39
177	230	54
178	230	29
179	230	34
180	230	24
181	230	27
177	231	54
178	231	23
70	232	20
177	232	50
191	232	47
69	233	29
70	233	26
177	233	85
178	233	15
191	233	41
68	234	65
69	234	39
190	234	7
154	235	44
23	236	90
24	236	25
153	236	28
154	236	36
23	237	15
24	237	19
187	243	32
188	243	35
189	243	118
190	243	16
183	244	40
184	244	35
185	244	24
186	244	32
5	245	67
6	245	42
5	246	70
121	246	64
122	246	106
121	247	22
122	247	56
109	248	29
123	248	30
124	248	9
109	249	21
124	249	44
125	249	11
109	250	25
125	250	37
109	251	20
110	251	22
64	252	30
110	252	22
64	253	73
110	253	26
110	254	21
111	254	7
111	255	30
