115	2	53
116	2	50
117	2	20
8	6	26
9	6	44
9	7	34
10	13	48
10	14	16
11	14	45
21	19	11
23	19	56
22	20	44
23	20	42
255	20	14
22	21	19
23	21	41
26	21	38
28	21	21
29	21	49
30	21	37
67	21	69
68	21	70
69	21	3
216	21	49
217	21	73
23	22	11
26	22	8
27	22	24
30	22	1
31	22	29
32	22	26
33	23	42
34	23	44
35	23	20
35	24	20
217	24	30
18	25	30
217	25	25
18	26	29
217	26	26
19	27	49
217	27	23
19	28	44
217	28	34
217	29	25
217	30	30
217	31	37
218	31	19
218	32	13
144	39	14
145	39	85
144	40	69
145	40	68
248	44	68
204	45	73
248	45	75
18	46	13
19	46	39
89	46	34
90	46	64
17	47	19
18	47	43
19	47	21
17	48	41
109	48	8
110	48	89
16	49	71
17	49	33
15	50	1
16	50	63
157	50	2
158	50	80
159	50	57
130	51	22
131	51	48
156	51	10
157	51	52
158	51	9
47	52	103
131	52	41
47	53	35
134	55	76
135	55	42
136	55	51
134	56	37
234	59	24
235	59	29
54	60	8
55	60	47
234	60	66
235	60	10
36	61	48
54	61	36
118	61	12
119	61	51
121	61	31
122	61	36
123	61	29
124	61	52
125	61	34
233	61	24
36	62	81
53	62	20
54	62	30
119	62	77
120	62	52
121	62	10
125	62	20
126	62	30
128	62	22
36	63	28
53	63	30
119	63	21
129	63	62
36	64	17
53	64	25
54	64	31
56	64	33
57	64	38
69	64	33
70	64	41
71	64	15
129	64	29
130	64	32
131	64	7
54	65	22
55	65	29
70	65	50
131	65	31
132	65	39
29	66	96
30	66	45
132	66	24
29	67	28
30	67	50
31	67	46
32	67	16
95	67	75
96	67	42
133	67	26
134	67	30
31	68	89
116	68	15
134	68	44
135	68	34
116	69	47
117	69	15
125	80	33
126	80	134
127	80	59
125	81	13
126	81	54
43	84	23
43	85	47
44	85	53
4	86	7
5	86	84
246	86	20
245	87	74
246	87	78
181	88	37
245	88	47
246	88	53
143	89	15
181	89	38
244	89	15
245	89	34
143	90	26
144	90	41
145	90	45
181	90	34
244	90	44
180	91	17
181	91	32
215	91	44
216	91	13
243	91	10
244	91	49
72	92	57
73	92	30
216	92	47
72	93	20
73	93	31
73	94	15
74	94	42
75	94	11
75	95	25
76	95	34
77	95	29
78	96	19
170	96	28
171	96	54
172	96	24
107	101	27
106	102	25
107	102	165
108	102	34
106	103	25
107	103	44
231	107	71
232	107	24
241	108	47
241	109	19
242	109	29
242	110	32
243	111	32
243	112	32
242	113	5
243	113	26
242	114	40
147	117	29
172	117	44
79	118	101
148	118	34
172	118	38
173	118	24
79	119	33
149	119	24
150	119	18
173	119	17
174	119	25
175	119	25
176	119	27
177	119	23
79	120	39
150	120	8
151	120	26
152	120	34
153	120	31
154	120	23
155	120	25
156	120	18
157	120	25
158	120	28
159	120	10
178	120	57
179	120	21
159	121	19
160	121	22
161	121	36
162	121	33
163	121	28
174	121	29
144	122	67
164	122	28
165	122	24
173	122	23
174	122	56
144	123	16
145	123	37
165	123	18
166	123	30
167	123	22
168	123	27
169	123	23
170	123	74
171	123	29
172	123	18
145	124	16
146	124	33
147	124	33
166	124	25
147	125	25
148	125	69
149	125	42
150	125	15
149	126	14
150	126	84
94	127	37
95	127	35
94	128	67
95	128	35
188	128	17
94	129	38
188	129	59
189	129	46
94	130	18
255	131	59
237	141	108
238	141	8
237	142	41
238	142	53
239	142	89
240	143	28
241	143	44
242	143	112
25	144	11
26	144	28
242	144	38
26	145	38
27	145	66
237	145	39
238	145	29
239	145	36
240	145	40
242	145	29
237	146	40
223	147	39
224	147	31
224	148	65
221	149	23
222	149	33
223	149	37
224	149	62
220	150	29
221	150	14
224	150	119
225	150	56
220	151	33
224	151	2
219	152	56
220	152	24
178	153	25
218	153	10
219	153	45
177	154	1
178	154	67
167	155	67
168	155	22
167	156	16
168	156	23
175	159	23
176	159	46
177	159	95
54	160	34
173	160	51
174	160	44
175	160	23
53	161	49
54	161	129
173	161	62
174	161	25
160	162	51
161	162	58
160	163	98
161	163	75
75	174	83
237	174	33
238	174	27
238	175	40
238	176	28
27	180	28
27	181	36
71	181	35
72	181	24
96	181	26
97	181	20
26	182	46
27	182	14
71	182	56
72	182	40
97	182	11
98	182	28
26	183	25
22	190	81
23	190	22
21	191	27
22	191	12
51	191	38
94	191	31
95	191	9
20	192	29
51	192	81
52	192	14
94	192	22
95	192	27
19	193	25
20	193	15
94	193	34
95	193	40
95	194	35
95	195	16
96	195	26
241	195	27
97	196	27
241	196	66
242	196	51
94	197	63
98	197	27
94	198	43
98	198	23
98	199	44
98	200	27
98	201	22
97	202	23
98	202	12
97	203	26
98	203	11
98	204	36
98	205	30
212	215	29
212	216	45
213	216	53
213	217	43
195	219	29
196	219	42
195	220	17
196	220	30
110	221	35
195	221	52
109	222	77
110	222	45
111	222	32
195	222	68
108	223	29
109	223	25
111	223	40
195	223	21
196	223	33
107	224	68
108	224	3
109	224	16
110	224	63
111	224	29
196	224	19
197	224	31
107	225	33
197	225	37
198	225	60
199	225	7
110	226	32
111	226	29
198	226	8
109	227	36
110	227	65
110	228	48
172	228	38
110	229	55
171	229	29
172	229	46
110	230	60
207	230	40
208	230	10
208	231	26
209	231	27
210	231	32
211	232	31
211	233	22
212	233	25
211	234	20
212	234	11
211	235	26
234	235	14
235	235	13
207	236	80
211	236	21
234	236	71
235	236	18
207	237	58
208	237	47
209	237	7
210	237	26
211	237	30
233	237	43
234	237	22
138	238	48
207	238	14
208	238	33
209	238	29
210	238	12
138	239	33
139	239	40
197	247	11
198	247	16
196	248	63
197	248	70
21	254	18
21	255	31
25	255	9
