209	1	42
210	1	51
211	1	37
204	2	72
205	2	29
209	2	40
210	2	14
204	3	108
206	3	34
207	3	35
208	3	31
54	5	54
55	5	14
54	6	20
163	11	39
164	11	10
165	11	25
163	12	31
164	12	54
165	12	33
144	13	120
194	13	29
144	14	62
194	14	30
195	14	40
54	16	15
54	17	56
126	17	22
54	18	36
125	18	36
126	18	43
126	19	28
196	19	83
196	20	9
85	22	33
84	23	20
85	23	135
86	23	17
181	23	21
85	24	40
181	24	91
182	24	105
113	30	31
114	30	54
115	30	53
114	31	18
115	31	54
116	31	12
28	32	13
29	32	50
116	32	96
117	32	13
28	33	39
29	33	81
108	33	53
145	33	74
26	34	48
27	34	36
28	34	38
29	34	22
108	34	63
25	35	28
26	35	21
28	35	11
25	36	61
52	36	78
53	36	23
53	37	31
220	39	22
250	39	51
220	40	16
221	40	30
249	40	32
250	40	41
221	41	28
249	41	47
250	41	30
221	42	28
249	42	19
106	43	79
222	43	29
248	43	6
106	44	12
187	44	51
222	44	17
223	44	11
246	44	19
247	44	40
248	44	19
187	45	60
223	45	38
245	45	21
246	45	32
223	46	30
226	46	24
245	46	28
224	47	29
225	47	29
226	47	34
244	47	42
8	48	15
225	48	34
226	48	28
243	48	26
8	49	70
9	49	79
75	49	14
76	49	41
77	49	35
224	49	21
225	49	32
243	49	34
8	50	42
9	50	54
70	50	34
75	50	33
77	50	32
222	50	17
223	50	33
224	50	21
243	50	29
7	51	12
8	51	24
70	51	54
222	51	26
243	51	31
71	52	34
72	52	47
186	52	11
187	52	9
188	52	35
189	52	32
221	52	33
241	52	39
242	52	117
243	52	4
72	53	30
186	53	40
187	53	23
220	53	30
221	53	26
241	53	39
242	53	58
218	54	20
219	54	28
220	54	5
217	55	72
218	55	84
97	56	22
218	56	76
97	57	85
96	58	31
96	59	40
4	60	33
96	60	3
4	61	31
5	61	31
6	61	42
244	64	28
96	65	35
160	65	28
244	65	18
245	65	58
96	66	77
96	67	55
97	67	16
19	72	44
20	72	31
19	73	31
18	74	14
54	84	14
55	84	41
56	84	23
233	84	27
234	84	68
57	85	29
58	85	21
233	85	28
234	85	75
156	95	26
152	96	48
155	96	32
156	96	6
152	97	31
153	97	26
154	97	12
155	97	26
153	98	37
154	98	31
81	103	21
80	104	33
81	104	75
80	105	15
130	105	28
131	105	6
130	106	19
131	106	48
132	106	28
95	108	74
96	108	21
203	113	37
203	114	70
204	114	22
78	117	40
78	118	35
79	118	2
96	118	53
79	119	22
80	119	18
96	119	36
180	119	33
226	119	53
80	120	26
81	120	38
96	120	22
225	120	53
226	120	53
22	121	25
23	121	124
96	121	30
23	122	69
24	122	37
97	122	27
179	122	17
23	123	27
97	123	9
98	123	22
178	123	33
98	124	28
178	124	52
99	125	21
177	125	22
178	125	25
99	126	20
99	127	13
100	127	18
100	128	26
172	128	32
100	129	22
172	129	93
173	129	17
100	130	19
172	130	8
173	130	41
174	130	36
100	131	24
174	131	45
100	132	25
174	132	4
175	132	41
238	132	48
239	132	56
100	133	21
174	133	26
175	133	13
238	133	26
100	134	19
174	134	25
100	135	23
99	136	13
100	136	32
99	137	26
135	137	42
136	137	18
99	138	30
135	138	26
136	138	10
98	139	35
99	139	11
98	140	18
98	141	16
97	142	31
95	143	10
96	143	66
95	144	22
119	145	11
188	145	69
93	146	20
119	146	70
120	146	59
254	146	40
255	146	62
93	147	26
118	147	29
119	147	38
246	147	17
254	147	38
45	148	12
46	148	14
93	148	11
119	148	123
124	148	32
245	148	36
246	148	34
254	148	38
45	149	28
125	149	50
140	149	27
243	149	25
244	149	39
251	149	18
252	149	41
253	149	34
45	150	40
126	150	24
139	150	14
140	150	71
141	150	38
44	151	57
45	151	73
46	151	49
47	151	60
126	151	34
46	152	11
47	152	36
126	152	139
230	152	32
231	152	58
125	153	7
126	153	36
231	153	39
232	153	4
125	154	14
126	154	22
232	154	35
233	154	2
127	155	27
128	155	14
233	155	55
128	156	9
129	156	16
129	157	33
231	157	22
128	158	31
129	158	14
196	158	42
230	158	28
128	159	31
196	159	55
230	159	30
128	160	11
195	160	33
196	160	13
230	160	8
231	160	40
231	161	38
232	161	17
7	162	43
232	162	37
6	163	29
7	163	104
232	163	19
233	163	37
7	164	51
233	164	8
234	164	42
235	164	24
158	165	58
202	165	42
235	165	62
236	165	31
157	166	67
158	166	50
201	166	17
202	166	35
235	166	42
236	166	85
159	167	46
200	167	28
201	167	47
156	168	27
157	168	35
158	168	23
159	168	13
199	168	122
200	168	63
201	168	18
104	169	16
105	169	39
156	169	24
157	169	47
158	169	5
104	170	17
105	170	37
189	170	25
190	170	66
191	170	8
104	171	26
105	171	25
191	171	31
104	172	26
105	172	9
104	173	49
133	173	52
103	174	39
104	174	10
110	174	7
133	174	44
104	175	26
105	175	25
110	175	21
133	175	25
134	175	58
135	175	60
105	176	17
106	176	44
107	176	26
108	176	34
109	176	40
12	177	52
108	177	149
12	178	11
13	178	36
13	179	7
14	179	29
219	188	50
69	189	33
70	189	28
219	189	37
220	189	34
12	190	24
70	190	28
71	190	25
74	190	44
75	190	69
12	191	35
13	191	11
14	191	15
71	191	28
72	191	27
73	191	41
74	191	44
75	191	30
12	192	39
13	192	41
14	192	10
115	200	9
115	201	61
116	201	47
94	202	48
115	202	50
116	202	46
90	203	48
91	203	30
92	203	28
93	203	43
94	203	81
115	203	16
116	203	8
90	204	8
91	204	35
92	204	45
93	204	28
93	205	36
93	206	35
93	207	62
93	208	33
24	209	59
25	209	58
26	209	46
92	209	9
93	209	25
214	209	71
25	210	23
92	210	37
211	210	12
212	210	152
213	210	64
214	210	24
92	211	25
90	212	9
91	212	40
220	212	43
221	212	110
222	212	28
22	213	21
23	213	29
24	213	46
25	213	60
90	213	49
91	213	29
220	213	10
221	213	19
222	213	38
215	214	50
216	214	35
217	214	34
218	214	27
219	214	28
220	214	44
221	214	30
222	214	40
221	215	14
207	216	13
205	217	34
207	217	39
208	217	92
205	218	18
206	218	54
207	218	30
139	222	18
140	222	44
218	222	49
138	223	125
139	223	37
218	223	51
196	228	65
196	229	38
197	229	29
197	230	39
94	232	23
95	232	30
203	235	5
204	235	49
203	236	62
204	236	23
201	245	30
202	245	18
199	246	27
200	246	53
201	246	7
127	247	50
128	247	31
148	253	44
149	253	64
183	253	20
148	254	91
149	254	70
183	254	36
184	254	23
185	254	28
186	254	28
147	255	11
148	255	21
184	255	28
185	255	55
186	255	17
