155	0	33
179	0	38
179	1	20
180	1	22
180	2	18
181	2	32
182	2	12
182	3	24
183	3	75
184	3	14
46	4	56
47	4	52
252	4	10
253	4	25
47	5	34
248	5	46
249	5	32
250	5	24
251	5	29
252	5	32
253	5	18
46	6	25
47	6	156
46	7	18
47	7	45
98	7	2
98	8	55
99	8	62
100	8	86
98	9	56
23	10	53
24	10	7
23	11	20
24	11	29
24	12	23
24	13	24
25	14	37
25	15	24
25	16	19
117	16	73
26	17	19
27	17	21
110	17	9
117	17	43
118	17	21
27	18	25
28	18	18
109	18	27
110	18	30
111	18	39
112	18	29
113	18	41
114	18	19
190	18	34
108	19	15
109	19	25
114	19	23
189	19	21
107	20	25
108	20	29
189	20	27
106	21	24
107	21	24
188	21	27
197	21	95
198	21	97
199	21	34
188	22	24
198	22	23
199	22	18
187	23	14
188	23	10
178	24	49
179	24	13
187	24	62
178	25	30
179	25	33
136	28	36
136	29	45
136	30	50
34	32	20
35	32	42
36	32	50
37	32	25
34	33	49
112	33	33
113	33	9
112	34	20
113	34	50
199	34	12
200	34	7
113	35	18
198	35	30
199	35	20
200	35	2
173	36	31
174	36	39
175	36	29
197	36	47
198	36	17
175	37	30
176	37	44
197	37	26
98	38	25
99	38	36
102	38	15
196	38	24
197	38	9
98	39	24
99	39	71
100	39	13
101	39	26
102	39	117
103	39	17
190	39	26
191	39	7
195	39	12
196	39	25
100	40	56
101	40	34
173	40	31
191	40	109
194	40	7
195	40	18
173	41	38
194	41	31
66	42	28
67	42	54
173	42	21
192	42	7
66	43	40
67	43	9
173	43	24
187	43	19
189	43	20
190	43	25
191	43	35
192	43	16
173	44	23
187	44	42
188	44	25
173	45	21
173	46	24
174	47	25
174	48	19
174	49	20
141	50	156
175	50	21
141	51	80
142	51	29
175	51	26
0	52	12
175	52	23
198	52	25
199	52	78
0	53	38
176	53	32
176	54	5
177	54	16
177	55	13
178	55	23
142	56	25
143	56	56
179	56	33
180	56	29
143	57	50
180	57	10
181	57	33
143	58	34
181	58	6
182	58	22
191	58	39
192	58	24
182	59	19
183	59	16
186	59	27
187	59	21
188	59	34
189	59	29
190	59	38
183	60	24
185	60	18
183	61	34
0	63	66
1	63	51
2	63	55
103	73	6
102	74	10
103	74	34
102	75	42
103	75	29
106	75	110
40	76	21
103	76	19
104	76	34
105	76	36
106	76	43
34	77	25
40	77	51
41	77	24
33	78	23
34	78	61
41	78	20
42	78	24
43	78	44
44	79	38
44	80	25
45	80	11
45	81	29
193	81	46
45	82	27
194	82	35
195	82	31
45	83	29
46	83	11
196	83	44
197	83	28
198	83	24
45	84	22
46	84	10
198	84	25
199	84	31
200	84	26
201	85	27
202	85	17
145	90	79
146	90	26
109	91	12
144	91	26
145	91	49
109	92	111
110	92	52
111	92	21
144	92	37
139	93	19
140	93	41
141	93	41
142	93	32
143	93	28
144	93	14
138	94	44
139	94	58
220	94	50
221	94	34
138	95	45
139	95	91
221	95	31
139	96	8
221	96	31
221	97	21
221	98	12
222	98	20
241	98	48
44	99	99
45	99	46
222	99	30
223	99	11
241	99	49
251	99	33
223	100	26
229	100	17
230	100	39
231	100	54
241	100	40
250	100	30
251	100	73
252	100	110
223	101	13
224	101	29
241	101	26
250	101	36
251	101	16
252	101	4
224	102	14
225	102	16
251	102	48
251	103	57
251	104	31
78	105	54
80	107	29
80	108	82
54	110	47
55	110	45
197	110	46
197	111	55
198	111	30
165	120	32
165	121	87
165	122	79
165	123	27
168	123	37
165	124	23
167	124	104
168	124	36
162	125	116
163	125	27
164	125	41
165	125	15
219	126	100
219	127	32
84	128	38
85	128	5
255	128	40
84	129	53
85	129	16
93	131	38
255	131	18
93	132	40
94	132	81
94	133	43
94	134	19
214	139	38
215	139	20
214	140	15
215	140	44
9	141	59
74	141	27
215	141	36
9	142	59
216	142	50
217	142	38
8	143	30
216	143	25
217	143	87
8	144	29
9	144	67
9	145	83
233	148	64
233	149	65
9	152	7
10	152	42
22	152	72
39	152	85
1	153	67
9	153	24
22	153	34
23	153	69
39	153	66
224	153	65
225	153	92
226	153	26
1	154	46
24	154	36
226	154	66
227	154	52
228	154	42
25	155	22
226	155	31
228	155	21
25	156	26
26	156	25
226	156	31
26	157	102
27	157	49
78	157	16
79	157	107
226	157	27
26	158	13
226	158	31
226	159	48
226	160	38
157	169	31
157	170	81
158	170	62
157	171	12
158	171	33
26	173	19
26	174	125
27	174	36
223	174	39
26	175	35
223	175	43
223	176	34
178	178	84
179	178	119
181	178	43
182	178	36
181	179	25
182	179	40
203	179	22
204	179	19
180	180	26
181	180	48
182	180	21
204	180	48
205	180	7
205	181	38
213	182	37
214	182	22
213	183	66
213	184	42
143	185	51
213	185	22
214	185	25
143	186	84
214	186	28
142	187	16
214	187	8
215	187	23
215	188	29
216	188	21
216	189	27
217	189	20
217	190	36
218	190	27
218	191	43
219	191	49
220	191	20
98	192	26
8	193	28
9	193	54
37	193	14
38	193	97
39	193	40
7	194	9
8	194	38
9	194	14
37	194	57
128	197	5
128	198	86
30	199	70
128	199	17
176	200	25
177	200	39
178	200	61
178	201	25
173	205	31
174	206	21
161	207	38
175	207	25
176	207	48
160	208	39
161	208	35
175	208	33
176	208	42
160	209	29
161	209	12
175	209	75
176	209	30
161	210	29
176	210	77
177	210	49
161	211	54
164	211	28
165	211	53
166	211	61
176	211	36
177	211	71
162	212	40
163	212	44
164	212	25
165	212	34
166	212	80
18	214	71
19	214	43
18	215	21
19	215	8
98	221	127
110	221	40
110	222	49
111	222	37
131	228	48
132	228	20
130	229	26
131	229	14
128	230	41
129	230	34
130	230	26
252	230	18
253	230	60
252	231	26
123	235	47
124	235	47
124	236	26
173	240	50
173	241	44
142	242	65
143	242	62
142	243	27
143	243	39
142	244	43
204	244	44
142	245	33
204	245	38
205	245	59
141	246	40
142	246	25
139	247	5
140	247	45
141	247	62
139	248	18
140	248	51
141	248	21
123	252	84
124	252	69
122	253	68
123	253	54
114	255	25
