195	3	33
196	3	35
197	3	32
198	3	26
199	3	36
200	3	35
201	3	27
247	5	61
248	5	49
132	6	28
247	6	69
248	6	46
64	7	15
65	7	17
132	7	32
247	7	55
248	7	39
249	7	18
64	8	22
131	8	18
132	8	52
248	8	38
7	9	38
8	9	41
64	9	23
132	9	81
247	9	35
8	10	88
64	10	26
132	10	29
247	10	30
254	10	41
64	11	32
253	11	37
63	12	9
64	12	24
249	12	14
252	12	27
253	12	32
63	13	29
248	13	27
249	13	137
251	13	9
252	13	23
62	14	31
251	14	29
8	15	27
61	15	17
62	15	16
251	15	7
8	16	94
61	16	21
241	16	47
242	16	23
59	17	10
60	17	38
242	17	35
243	17	30
244	17	30
245	17	35
59	18	29
58	19	37
166	19	24
57	20	32
166	20	33
57	21	19
166	21	26
166	22	24
166	23	24
166	24	21
57	25	26
166	25	22
167	25	45
57	26	52
167	26	61
57	27	30
58	27	14
58	28	31
59	28	33
60	28	44
61	28	37
62	28	45
63	28	47
64	28	62
64	29	63
65	29	3
173	31	23
173	32	12
174	32	54
174	33	27
19	37	33
20	37	81
19	38	31
18	39	34
17	40	29
16	41	25
54	41	75
14	42	59
15	42	29
54	42	59
9	43	14
11	43	27
12	43	24
13	43	26
14	43	111
65	43	43
66	43	46
9	44	42
10	44	29
11	44	16
25	50	51
26	50	13
16	52	22
17	52	28
17	53	77
18	53	37
15	54	9
16	54	12
16	55	21
17	55	35
16	57	23
17	57	11
16	58	34
15	59	30
16	59	18
14	60	19
15	60	14
46	60	38
47	60	40
233	60	26
236	60	50
14	61	23
44	61	16
45	61	58
46	61	13
55	61	47
56	61	25
232	61	19
233	61	59
234	61	42
235	61	41
14	62	24
44	62	29
55	62	8
56	62	40
13	63	18
42	63	34
43	63	47
56	63	28
13	64	26
14	64	42
42	64	36
43	64	51
232	64	96
229	65	36
230	65	48
231	65	42
232	65	51
229	66	59
228	67	8
229	67	35
228	68	12
229	68	30
113	77	93
170	84	105
171	84	72
228	84	23
170	85	57
171	85	31
227	85	18
228	85	78
105	87	28
106	87	120
107	87	22
105	88	25
106	88	53
107	88	21
105	89	86
105	90	46
82	95	42
83	95	41
80	96	19
81	96	118
82	96	16
159	101	34
160	102	35
161	103	25
161	104	17
162	104	32
162	105	21
163	105	8
163	106	8
4	112	25
3	113	50
4	113	46
5	113	32
3	114	75
6	114	37
188	114	53
189	114	25
3	115	79
6	115	30
188	115	63
189	115	36
246	115	12
247	115	86
6	116	30
189	116	80
6	117	36
7	117	15
110	117	143
111	117	59
112	117	32
113	117	35
188	117	19
189	117	30
193	117	28
194	117	24
195	117	39
196	117	18
6	118	6
7	118	48
110	118	9
188	118	36
192	118	18
193	118	14
7	119	41
46	119	14
187	119	24
188	119	29
6	120	22
7	120	11
46	120	60
47	120	16
5	121	18
6	121	15
32	121	19
47	121	30
4	122	13
5	122	35
32	122	36
3	123	16
4	123	44
31	123	22
32	123	64
3	124	40
3	125	26
32	125	58
33	125	44
3	126	12
4	126	12
184	126	33
185	126	18
3	127	36
4	127	6
179	127	21
182	127	5
183	127	28
184	127	30
3	128	28
179	128	9
180	128	28
181	128	29
182	128	21
3	129	29
199	129	23
200	129	23
201	129	18
2	130	1
3	130	30
199	130	18
201	130	21
202	130	25
203	130	34
2	131	7
204	131	19
205	131	25
206	132	24
207	132	37
208	132	35
209	132	8
222	132	49
222	133	56
199	138	37
79	139	44
198	139	8
199	139	82
3	140	28
79	140	51
198	140	10
79	141	19
219	141	51
219	142	36
196	143	35
219	143	34
29	144	20
30	144	36
196	144	56
219	144	41
29	145	52
30	145	31
197	145	24
219	145	22
255	145	53
197	146	39
255	146	5
37	147	36
38	147	17
197	147	34
38	148	31
197	148	16
38	149	7
39	149	30
198	149	31
39	150	26
63	150	20
199	150	30
62	151	44
63	151	22
62	152	19
63	152	15
63	153	27
111	153	37
63	154	29
73	154	56
74	154	51
111	154	60
63	155	30
73	155	4
111	155	32
63	156	5
64	156	49
65	156	27
66	156	52
64	157	25
65	157	109
66	157	60
65	158	11
121	160	74
110	161	19
121	161	30
122	161	9
110	162	93
122	162	27
122	163	22
123	164	30
209	167	24
210	167	22
208	168	21
209	168	51
208	169	24
209	169	13
42	170	90
43	170	12
125	172	7
126	172	69
125	173	31
125	174	31
124	175	31
125	175	7
124	176	26
124	177	22
124	178	26
124	179	16
22	180	32
23	180	39
24	180	32
25	180	50
26	180	26
123	180	62
124	180	30
21	181	36
22	181	18
23	181	1
24	181	36
25	181	40
26	181	71
123	181	23
124	181	12
20	182	33
122	182	21
123	182	33
122	183	30
122	184	33
122	185	62
125	195	29
125	196	145
126	196	27
125	197	24
196	206	21
197	206	44
16	207	12
17	207	27
197	207	18
198	207	32
16	208	19
17	208	39
244	208	43
16	209	7
17	209	88
201	209	9
202	209	29
203	209	39
244	209	40
245	209	9
16	210	28
17	210	62
124	210	47
204	210	36
244	210	60
15	211	107
16	211	20
17	211	28
18	211	28
124	211	22
125	211	26
168	211	11
169	211	22
204	211	22
242	211	27
243	211	74
244	211	30
18	212	17
19	212	46
20	212	38
21	212	10
168	212	4
169	212	69
243	212	53
19	213	10
21	213	57
22	213	27
22	214	30
23	214	9
15	218	94
41	218	10
42	218	75
43	218	49
254	218	12
14	219	57
15	219	82
254	219	13
14	220	20
187	229	60
188	229	51
180	230	24
181	230	72
12	244	45
13	244	7
125	244	66
126	244	16
12	245	51
13	245	31
21	245	50
125	245	45
126	245	28
10	246	37
11	246	98
21	246	34
104	246	13
126	246	31
207	246	17
21	247	40
103	247	14
104	247	36
126	247	29
131	247	29
206	247	32
207	247	31
21	248	34
103	248	42
126	248	33
129	248	21
130	248	47
131	248	30
205	248	40
206	248	88
103	249	87
126	249	33
127	249	42
128	249	11
129	249	38
126	250	95
127	250	39
11	251	53
131	251	45
11	252	49
126	252	42
127	252	68
128	252	33
129	252	28
130	252	42
131	252	17
128	253	26
