209	3	55
210	3	68
143	4	4
210	4	11
135	5	13
142	5	39
143	5	38
135	6	53
141	6	8
142	6	46
143	6	41
141	7	62
142	7	13
143	7	24
144	7	25
146	7	4
147	7	12
144	8	42
145	8	54
146	8	65
147	8	47
143	9	13
144	9	23
177	9	10
143	10	42
144	10	19
177	10	26
143	11	7
144	11	43
176	11	25
177	11	18
241	11	37
242	11	23
243	11	89
176	12	31
177	12	11
242	12	27
246	12	29
247	12	155
176	13	30
242	13	19
243	13	18
247	13	62
176	14	36
243	14	27
175	15	36
244	15	23
53	16	16
174	16	48
175	16	13
244	16	34
249	16	23
52	17	65
53	17	73
54	17	30
174	17	34
199	17	12
244	17	27
249	17	110
250	17	66
174	18	69
198	18	14
199	18	25
243	18	27
173	19	29
174	19	101
198	19	27
229	19	17
243	19	27
173	20	27
174	20	38
198	20	31
243	20	29
198	21	40
243	21	23
198	22	51
199	22	23
243	22	21
84	23	71
199	23	14
243	23	27
84	24	82
243	24	23
83	25	20
84	25	42
243	25	11
244	25	30
83	26	72
84	26	37
244	26	30
85	27	30
205	27	42
206	27	125
243	27	93
244	27	52
85	28	36
206	28	35
207	28	34
208	28	28
244	28	32
85	29	29
194	29	12
195	29	77
196	29	34
208	29	21
209	29	27
243	29	25
244	29	51
85	30	28
196	30	53
197	30	12
208	30	27
209	30	18
244	30	89
84	31	26
208	31	38
244	31	14
84	32	36
129	32	39
130	32	33
207	32	15
208	32	62
209	32	54
45	33	35
46	33	66
58	33	21
83	33	15
84	33	30
128	33	23
129	33	52
130	33	14
131	33	56
46	34	5
58	34	67
83	34	42
130	34	8
131	34	105
58	35	52
56	36	63
57	36	45
58	36	47
136	36	12
137	36	166
138	36	44
143	36	24
144	36	15
145	36	55
56	37	51
58	37	28
143	37	78
144	37	44
145	37	54
69	38	41
131	38	42
141	38	39
142	38	41
143	38	3
68	39	20
69	39	71
130	39	43
131	39	7
132	39	21
133	39	7
68	40	15
69	40	25
129	40	13
131	40	72
132	40	64
133	40	37
71	41	143
72	41	61
73	41	14
133	41	40
71	42	33
72	42	45
131	42	16
132	42	39
132	43	90
250	47	64
254	47	31
255	47	12
246	48	26
247	48	28
249	48	33
254	48	76
172	49	11
173	49	68
247	49	35
248	49	71
249	49	38
173	50	22
247	50	31
248	50	23
75	51	56
76	51	104
228	51	18
247	51	32
227	52	13
228	52	55
227	53	37
228	53	12
56	54	53
56	55	87
157	55	48
158	55	65
56	56	30
57	56	15
157	56	37
157	57	39
157	58	50
158	58	61
238	58	15
239	58	48
239	59	18
240	59	51
169	61	20
170	61	27
169	62	87
92	67	33
93	67	29
94	67	13
89	68	61
90	68	48
91	68	37
92	68	35
94	68	20
95	68	33
96	68	30
89	69	56
90	69	20
91	69	33
92	69	35
97	69	71
2	70	5
90	70	8
91	70	32
92	70	39
98	70	38
2	71	33
1	72	72
2	72	87
152	72	34
153	72	26
152	73	28
153	73	9
152	74	21
153	74	19
153	75	49
183	76	36
183	77	25
183	78	11
184	78	32
48	79	74
130	79	30
131	79	27
184	79	31
185	79	12
132	80	66
185	80	31
185	81	21
186	81	30
200	82	55
200	83	35
199	84	26
199	85	30
235	87	19
236	88	30
236	89	34
232	90	35
233	90	37
234	90	53
236	90	37
56	91	11
57	91	42
232	91	37
233	91	58
234	91	143
235	91	30
236	91	21
237	91	30
57	92	43
58	92	27
237	92	43
58	93	22
59	93	26
60	93	33
237	93	110
238	93	19
57	94	27
61	94	39
62	94	49
56	95	31
63	95	7
201	96	18
201	97	63
202	97	44
254	100	8
249	101	32
250	101	18
254	101	37
248	102	37
249	102	66
250	102	32
253	102	56
248	103	89
248	104	21
57	108	37
105	110	14
106	110	48
107	110	47
92	114	47
93	114	32
91	115	17
92	115	41
70	116	29
89	116	20
90	116	55
69	117	42
90	117	49
91	117	41
68	118	29
69	118	73
70	118	10
91	118	15
92	118	138
93	118	48
69	119	47
70	119	13
204	124	30
205	124	64
198	125	49
203	125	34
204	125	21
238	125	42
125	126	30
126	126	13
197	126	40
198	126	23
237	126	63
238	126	34
124	127	11
125	127	25
126	127	33
126	128	18
127	128	30
127	129	45
127	130	28
127	131	17
128	131	21
128	132	94
129	132	4
129	133	36
129	134	18
130	134	45
129	135	54
130	135	74
128	136	30
129	136	70
130	136	13
201	136	19
119	142	81
117	143	29
118	143	28
116	144	59
123	151	27
124	152	37
123	153	13
124	153	49
11	156	39
12	156	47
11	157	13
12	157	13
44	170	8
45	170	35
45	171	53
46	172	28
46	173	48
44	174	36
45	174	63
46	174	32
44	175	78
45	175	48
46	175	155
45	176	35
46	176	68
47	176	12
202	176	52
46	177	53
47	177	18
190	177	5
201	177	26
202	177	109
189	178	14
190	178	33
202	178	32
189	179	49
202	179	35
203	179	12
189	180	31
190	180	37
193	180	47
194	180	122
202	180	35
203	180	19
163	181	58
164	181	30
202	181	30
162	182	38
163	182	91
202	182	23
203	182	13
161	183	58
162	183	8
203	183	40
203	184	35
204	184	27
204	185	19
203	186	77
204	186	36
32	187	37
33	187	50
203	187	58
32	188	35
33	188	21
151	190	57
152	190	29
153	190	26
196	194	14
43	195	56
44	195	53
196	195	51
43	196	7
196	196	43
197	196	12
18	197	26
197	197	20
17	198	17
18	198	54
164	198	38
165	198	44
166	198	33
18	199	55
18	200	54
19	200	68
183	200	97
183	201	61
184	201	29
184	202	33
185	202	36
187	202	47
35	203	65
36	203	50
185	203	129
186	203	42
187	203	14
37	204	36
36	209	20
37	209	11
36	210	83
37	210	15
145	210	12
145	211	87
144	212	22
145	212	159
143	213	30
144	213	22
142	214	23
143	214	23
141	215	18
142	215	16
141	216	29
134	217	21
140	217	35
157	217	20
158	217	100
133	218	29
134	218	25
136	218	59
137	218	12
139	218	26
140	218	24
157	218	37
158	218	36
159	218	18
160	218	30
161	218	30
208	218	48
209	218	121
133	219	35
156	219	50
159	219	32
208	219	46
209	219	46
132	220	66
133	220	41
156	220	24
208	220	30
212	220	62
213	220	71
132	221	43
156	221	45
208	221	45
211	221	54
212	221	13
156	222	24
208	222	33
209	222	29
210	222	30
28	223	31
156	223	41
28	224	68
29	224	15
156	224	27
28	225	66
29	225	33
154	225	26
155	225	48
154	226	34
229	227	40
230	227	40
229	228	18
230	228	31
108	229	24
109	229	35
110	229	111
110	230	64
110	231	71
6	235	33
7	235	17
6	236	83
7	236	14
5	237	13
6	237	9
80	237	65
67	238	44
68	238	44
80	238	39
66	239	46
67	239	48
170	243	31
169	244	34
170	244	23
167	245	53
168	245	32
169	245	18
156	248	51
156	249	24
157	249	43
158	249	24
160	249	18
161	249	17
163	249	63
159	250	34
160	250	36
161	250	18
162	250	40
163	250	84
164	250	61
66	252	49
67	252	17
242	252	42
243	252	87
66	253	46
67	254	48
91	254	23
67	255	74
89	255	50
90	255	40
91	255	39
