112	0	38
129	0	35
130	0	27
112	1	21
130	1	22
129	2	15
130	2	27
138	2	53
129	3	44
137	3	18
138	3	41
215	3	6
216	3	32
129	4	36
130	4	11
131	4	39
137	4	22
216	4	44
130	5	55
131	5	26
136	5	37
216	5	34
43	6	11
44	6	70
131	6	29
134	6	22
135	6	66
216	6	23
44	7	70
45	7	35
46	7	28
132	7	25
133	7	28
134	7	13
46	8	38
47	8	18
104	8	35
46	9	26
73	9	10
103	9	29
104	9	13
45	10	12
46	10	30
73	10	46
103	10	23
45	11	39
46	11	22
74	11	32
102	11	9
103	11	46
246	11	20
247	11	30
248	11	31
249	11	50
45	12	27
74	12	16
118	12	47
246	12	34
35	13	34
36	13	32
45	13	37
118	13	55
177	13	24
178	13	38
179	13	39
245	13	30
34	14	26
35	14	18
46	14	37
177	14	21
179	14	34
180	14	53
181	14	99
244	14	33
3	15	25
33	15	27
34	15	27
46	15	25
105	15	45
181	15	44
243	15	28
31	16	40
32	16	168
33	16	50
105	16	66
241	16	2
242	16	35
243	16	23
31	17	84
32	17	16
236	17	22
237	17	24
240	17	14
241	17	37
215	18	56
237	18	32
238	18	37
239	18	29
240	18	32
215	19	52
108	28	13
248	28	44
249	28	73
250	28	38
107	29	25
108	29	80
109	29	20
248	29	25
46	30	28
47	30	20
47	31	18
48	31	31
48	32	23
49	32	47
50	32	8
188	32	29
189	32	38
190	32	72
191	32	25
48	33	36
49	33	65
50	33	42
187	33	22
188	33	33
48	34	33
217	43	79
215	44	37
216	44	40
217	44	83
212	45	15
213	45	40
214	45	48
215	45	59
181	53	28
181	54	39
206	54	60
181	55	36
206	55	77
230	55	43
244	55	26
181	56	17
182	56	17
204	56	21
205	56	36
229	56	37
230	56	10
244	56	39
120	57	14
204	57	74
205	57	118
228	57	45
229	57	24
244	57	37
120	58	32
198	58	46
203	58	33
204	58	43
205	58	37
227	58	41
228	58	17
245	58	54
120	59	30
195	59	44
196	59	83
197	59	50
198	59	28
203	59	22
204	59	58
120	60	35
121	60	6
196	60	30
197	60	12
121	61	42
122	61	36
121	62	11
122	62	48
121	63	25
122	63	78
74	64	25
75	64	77
76	64	5
129	64	42
73	65	80
74	65	37
129	65	34
130	65	39
73	66	47
130	66	33
207	66	33
208	66	18
130	67	13
207	67	28
208	67	48
236	68	39
236	69	18
237	69	29
129	70	34
220	70	61
221	70	21
237	70	31
238	70	38
128	71	33
220	71	79
221	71	66
239	71	17
128	72	29
238	72	37
239	72	40
240	72	26
128	73	35
129	73	31
134	73	16
135	73	24
178	73	46
237	73	33
238	73	26
129	74	17
130	74	51
135	74	30
136	74	22
179	74	37
236	74	45
131	75	43
132	75	16
137	75	29
138	75	14
234	75	14
235	75	26
132	76	35
138	76	44
139	76	40
228	76	24
233	76	29
234	76	28
138	77	22
139	77	36
201	77	25
228	77	90
229	77	34
232	77	41
201	78	31
228	78	21
229	78	91
230	78	15
231	78	43
232	78	24
200	79	25
201	79	29
229	79	14
230	79	33
240	79	25
199	80	22
200	80	42
240	80	84
199	81	39
240	81	28
8	83	66
8	84	53
66	88	36
64	89	13
65	89	42
66	89	42
65	90	110
66	90	35
65	91	48
66	91	53
108	94	51
108	95	30
109	95	30
204	101	65
205	101	24
138	102	50
139	102	39
140	102	7
204	102	32
140	103	30
141	103	6
201	103	23
202	103	62
204	103	33
27	104	8
203	104	19
204	104	16
27	105	45
203	105	27
26	106	33
27	106	21
189	106	87
203	106	25
25	107	35
26	107	42
111	107	20
112	107	21
209	107	47
25	108	91
111	108	42
112	108	22
210	108	47
211	108	25
212	108	26
111	109	34
211	109	13
111	110	29
149	110	19
111	111	43
148	111	16
149	111	46
112	112	28
113	112	32
114	112	20
149	112	56
113	113	16
114	113	65
115	113	7
112	114	23
113	114	56
114	114	31
112	115	88
113	115	23
75	117	12
76	117	19
151	117	86
76	118	42
76	119	34
22	120	29
23	120	70
76	120	21
77	120	18
77	121	18
10	125	25
11	125	23
12	125	7
168	125	30
12	126	24
13	126	27
167	126	19
168	126	62
13	127	18
14	127	28
13	128	25
14	128	33
11	129	14
12	129	23
11	130	37
10	131	31
11	131	22
10	132	19
119	132	6
120	132	84
120	133	71
121	133	12
168	136	21
169	136	39
170	136	61
171	136	37
56	137	18
170	137	4
171	137	52
55	138	9
56	138	55
171	138	16
172	138	36
173	138	45
174	138	73
55	139	15
56	139	35
98	139	22
172	139	20
173	139	54
174	139	56
55	140	17
56	140	37
99	140	59
100	140	39
101	140	2
56	141	12
57	141	34
61	141	9
99	141	73
100	141	108
58	142	32
60	142	23
61	142	87
59	143	34
60	143	43
101	143	45
102	143	31
102	144	57
62	148	22
96	148	26
62	149	114
96	149	45
96	150	46
96	151	32
166	156	33
166	157	100
171	170	50
169	171	35
170	171	58
171	171	54
170	172	33
230	172	19
231	172	12
232	172	17
233	172	26
234	172	35
235	172	21
228	173	29
229	173	30
230	173	57
231	173	37
232	173	17
234	173	30
235	173	25
6	177	12
40	177	21
41	177	95
6	178	29
7	178	46
41	178	37
7	179	20
8	179	33
41	179	25
42	179	29
43	179	23
44	179	60
45	179	27
181	179	30
8	180	35
42	180	28
43	180	75
44	180	50
181	180	23
182	180	46
8	181	29
182	181	20
183	181	7
8	182	30
8	183	21
8	184	18
8	185	10
9	185	13
9	186	22
9	187	37
133	190	43
134	190	20
134	191	22
135	191	35
136	191	57
137	191	28
39	192	27
40	192	60
137	192	56
138	192	30
234	192	20
40	193	33
137	193	88
138	193	54
233	193	18
234	193	22
15	194	15
16	194	47
232	194	28
233	194	30
16	195	82
17	195	16
232	195	34
195	196	39
231	196	23
195	197	32
230	197	33
231	197	24
195	198	44
226	198	14
227	198	20
228	198	42
229	198	47
230	198	24
88	199	68
89	199	29
195	199	23
225	199	21
226	199	20
223	200	26
224	200	38
225	200	19
218	201	17
219	201	26
220	201	31
221	201	33
222	201	27
223	201	19
214	202	30
215	202	42
216	202	30
217	202	43
218	202	35
214	203	130
215	203	59
215	205	6
216	205	71
216	206	35
36	207	26
216	207	28
36	208	23
37	208	31
37	209	41
37	210	31
37	211	39
37	212	29
37	213	35
37	214	33
38	214	12
120	214	57
38	215	32
120	215	45
38	216	12
39	216	46
40	216	38
41	216	36
119	216	37
40	217	76
41	217	46
40	218	50
41	218	17
59	221	35
60	221	12
177	221	29
217	221	35
59	222	16
60	222	44
176	222	56
177	222	25
217	222	42
218	222	8
218	223	33
9	224	49
10	224	28
79	224	18
218	224	16
9	225	39
10	225	11
78	225	51
79	225	62
8	226	61
95	226	24
8	227	45
95	227	38
8	228	9
9	228	31
11	228	6
12	228	13
95	228	35
96	228	7
9	229	51
10	229	53
11	229	43
12	229	58
170	229	20
11	230	32
12	230	27
170	230	44
68	231	37
170	231	31
67	232	29
170	232	23
174	232	90
171	233	34
173	233	44
174	233	14
171	234	29
172	234	55
35	235	94
36	235	5
198	235	10
117	236	56
118	236	34
119	236	76
197	236	20
198	236	43
118	237	41
219	238	28
218	239	42
219	239	11
218	240	34
78	242	19
77	243	30
78	243	84
78	244	53
78	245	56
47	246	55
79	246	39
182	246	19
183	246	51
184	246	8
47	247	35
80	247	54
81	247	29
183	247	99
192	247	12
46	248	10
47	248	15
81	248	44
183	248	28
192	248	35
82	249	16
183	249	29
182	250	48
183	250	72
183	251	33
184	251	97
185	251	43
61	252	27
184	252	10
7	253	23
61	253	78
62	253	48
7	254	12
8	254	32
8	255	35
9	255	21
