90	0	84
109	0	52
108	1	52
109	1	32
107	2	39
108	2	11
64	4	17
65	4	24
65	5	10
66	5	37
67	5	43
67	6	34
68	7	29
68	8	12
69	8	24
69	9	31
70	10	24
42	11	37
43	11	33
71	11	34
189	11	35
42	12	26
72	12	28
73	12	8
189	12	92
42	13	27
73	13	34
189	13	55
190	13	30
41	14	38
73	14	18
74	14	25
189	14	18
190	14	52
191	14	9
39	15	129
40	15	63
41	15	92
74	15	27
189	15	30
191	15	37
192	15	26
225	15	42
74	16	26
131	16	62
132	16	4
189	16	36
192	16	30
225	16	46
41	17	29
74	17	38
132	17	56
133	17	14
189	17	35
192	17	34
225	17	33
40	18	46
41	18	55
56	18	26
74	18	35
112	18	133
133	18	28
189	18	33
190	18	29
191	18	32
192	18	17
39	19	27
56	19	37
57	19	32
58	19	51
98	19	30
99	19	77
189	19	19
190	19	16
99	20	55
98	21	46
99	21	38
98	22	34
97	23	9
98	23	26
158	23	41
98	24	25
153	24	39
157	24	45
158	24	59
97	25	20
98	25	18
153	25	35
154	25	137
95	26	14
96	26	42
97	26	30
50	27	32
93	27	41
94	27	29
95	27	13
49	28	84
50	28	69
62	28	8
92	28	31
93	28	17
49	29	33
50	29	30
61	29	18
62	29	22
92	29	40
60	30	15
61	30	34
92	30	34
60	31	39
98	32	32
137	32	28
138	32	28
139	32	31
97	33	36
98	33	56
136	33	35
96	34	17
97	34	23
96	35	98
97	35	26
96	36	56
159	36	14
157	37	34
158	37	33
159	37	95
81	38	10
82	38	38
82	39	78
83	39	39
251	39	25
83	40	27
84	40	25
251	40	11
252	40	27
84	41	24
85	41	42
252	41	41
253	42	27
253	43	22
254	43	13
253	44	25
254	44	147
255	44	32
254	45	31
1	50	31
2	50	19
2	51	29
3	51	25
4	52	26
5	52	29
6	52	26
25	52	38
6	53	46
7	53	24
24	53	28
25	53	56
8	54	31
21	54	20
22	54	35
23	54	48
24	54	19
9	55	33
20	55	42
21	55	20
10	56	36
19	56	53
20	56	41
11	57	18
12	57	25
13	57	28
14	57	6
15	57	15
16	57	5
17	57	41
18	57	22
19	57	14
14	58	23
15	58	27
16	58	27
164	58	103
66	60	31
67	60	25
67	61	35
68	61	16
57	65	48
58	65	34
57	66	24
254	75	28
255	75	84
254	76	41
255	76	6
4	77	17
4	78	56
252	78	36
253	78	97
4	79	35
176	79	46
177	79	30
4	80	22
176	80	62
4	81	17
176	81	18
124	82	27
125	82	118
31	84	64
32	84	44
33	84	11
124	84	42
29	85	26
30	85	24
31	85	22
33	85	51
34	85	47
124	85	68
125	85	16
27	86	22
28	86	30
29	86	6
33	86	19
27	87	26
19	90	40
20	90	28
126	90	19
19	91	31
72	91	22
73	91	148
126	91	60
19	92	39
70	92	27
71	92	43
72	92	31
73	92	3
126	92	59
69	93	33
70	93	26
116	93	21
126	93	22
64	94	19
65	94	19
66	94	38
67	94	58
68	94	38
69	94	48
115	94	43
116	94	99
126	94	11
127	94	18
63	95	28
64	95	15
67	95	39
127	95	26
64	96	27
127	96	37
127	97	28
145	97	31
146	97	15
126	98	30
146	98	23
147	98	104
148	98	55
208	98	19
209	98	25
108	99	31
125	99	8
126	99	30
209	99	36
125	100	43
126	100	41
209	100	18
210	100	24
211	101	24
38	102	47
39	102	50
40	102	17
99	102	35
212	102	35
213	102	10
40	103	40
41	103	26
97	103	30
98	103	50
99	103	48
213	103	28
40	104	27
97	104	17
213	104	5
214	104	29
39	105	16
40	105	14
214	105	14
215	105	12
215	106	28
216	107	34
216	108	20
32	109	54
217	109	37
218	109	25
15	110	38
16	110	26
17	110	19
18	110	20
19	110	9
31	110	28
32	110	15
135	110	140
136	110	43
137	110	33
218	110	26
219	110	22
19	111	8
20	111	25
21	111	21
29	111	19
30	111	34
137	111	13
138	111	31
182	111	66
183	111	18
22	112	22
23	112	18
24	112	51
25	112	29
26	112	25
27	112	25
28	112	36
29	112	65
138	112	39
182	112	57
183	112	7
212	112	11
138	113	16
139	113	55
140	114	42
140	115	31
79	116	26
140	116	31
79	117	25
80	117	27
80	118	41
81	118	6
158	118	63
158	119	25
159	119	13
36	123	89
71	123	36
72	123	57
73	123	34
174	123	34
36	124	86
71	124	21
174	124	46
35	125	41
36	125	105
37	125	61
173	125	13
174	125	30
35	126	28
36	126	70
37	126	15
164	126	10
195	128	31
195	129	40
199	129	29
158	130	31
161	130	33
162	130	37
163	130	30
164	130	65
195	130	29
198	130	101
199	130	73
157	131	33
158	131	46
164	131	44
165	131	63
193	131	24
194	131	46
195	131	24
156	132	33
165	132	54
190	132	54
191	132	30
193	132	33
154	133	20
155	133	36
156	133	7
190	133	50
191	133	38
192	133	29
193	133	16
199	133	30
153	134	40
154	134	32
199	134	58
200	134	99
201	134	75
199	135	27
200	135	36
201	135	19
197	139	23
198	139	63
197	140	46
198	140	103
91	141	12
92	141	112
93	141	43
174	141	88
174	142	17
175	142	35
204	144	67
204	145	45
190	148	18
190	149	76
191	149	16
248	149	7
249	149	25
190	150	61
191	150	140
247	150	10
248	150	23
191	151	34
247	151	24
190	152	21
191	152	32
246	152	19
190	153	39
191	153	50
246	153	32
246	154	25
245	155	16
246	155	11
244	156	42
245	156	29
243	157	26
244	157	9
242	158	27
243	158	12
241	159	20
242	159	24
241	160	38
241	161	28
26	162	26
27	162	39
240	162	28
234	163	14
238	163	17
239	163	41
0	164	26
3	164	25
4	164	26
234	164	38
235	164	32
236	164	29
237	164	28
238	164	22
1	165	39
2	165	78
3	165	27
106	166	7
107	166	4
74	167	37
75	167	34
76	167	57
106	167	15
107	167	60
108	167	11
73	168	36
74	168	15
76	168	19
77	168	28
9	170	39
10	170	43
9	171	13
10	171	28
244	172	21
244	173	71
244	174	53
132	177	32
133	177	48
134	177	54
135	177	22
108	181	25
107	182	95
108	182	46
46	183	80
107	183	18
46	184	52
47	184	40
159	184	19
160	184	15
47	185	94
48	185	27
157	185	75
158	185	39
159	185	22
76	187	34
77	187	61
78	187	29
75	188	14
76	188	31
77	188	17
78	188	19
123	190	51
184	190	24
185	190	83
186	190	21
123	191	36
124	191	26
185	191	35
186	191	14
0	192	25
1	193	2
0	194	31
1	194	40
0	195	39
13	195	27
14	195	16
163	195	37
164	195	21
12	196	59
13	196	93
14	196	47
164	196	24
165	196	24
166	196	25
194	196	54
195	196	57
196	196	16
12	197	46
14	197	37
194	197	59
195	197	23
196	197	39
197	197	20
14	198	23
15	198	16
14	199	34
13	200	37
14	200	27
41	207	61
41	208	28
58	212	42
56	213	31
57	213	41
58	213	28
223	219	20
224	219	49
186	226	44
187	226	37
187	227	32
188	228	19
28	232	25
29	232	46
29	233	54
250	233	37
251	233	35
252	233	45
253	233	25
248	234	45
252	234	49
253	234	11
248	235	27
249	235	30
252	235	121
250	236	36
252	236	35
251	237	32
251	238	23
252	238	23
252	239	30
253	240	40
254	240	9
254	241	45
255	242	29
53	243	30
54	243	66
55	243	24
108	248	36
107	249	21
108	249	35
107	250	22
166	251	15
166	252	51
167	252	7
166	253	40
85	254	27
86	254	33
87	254	22
167	254	15
83	255	15
84	255	38
