133	0	19
134	0	17
135	0	17
136	0	23
132	1	55
133	1	21
134	1	18
135	1	29
136	1	24
132	2	16
79	6	29
80	6	38
81	6	37
82	6	35
32	7	32
33	7	53
78	7	15
79	7	63
32	8	33
78	8	53
79	8	55
102	9	29
103	9	46
104	9	34
105	9	25
42	10	45
43	10	49
102	10	8
12	11	14
13	11	9
12	12	97
13	12	53
13	13	30
14	13	27
14	14	34
14	15	24
15	15	33
69	15	24
251	15	41
252	15	53
15	16	35
68	16	31
69	16	55
70	16	5
251	16	11
252	16	193
253	16	19
16	17	31
67	17	19
68	17	34
144	17	34
145	17	13
16	18	28
17	18	4
145	18	13
17	19	30
249	19	70
250	19	30
17	20	34
97	20	37
248	20	22
249	20	66
17	21	30
97	21	60
248	21	48
17	22	27
17	23	114
17	24	38
17	25	11
18	25	32
19	26	29
6	27	90
7	27	40
20	27	11
6	28	123
7	28	15
124	30	27
125	30	31
126	30	34
127	30	29
48	32	66
49	32	19
50	32	31
51	32	37
52	32	30
47	33	19
48	33	16
52	33	23
53	33	12
2	35	66
3	35	38
4	35	56
118	36	36
119	36	43
109	37	27
110	37	70
111	37	62
112	37	68
113	37	61
117	37	32
108	38	57
109	38	34
117	38	40
108	39	20
116	39	32
164	39	23
165	39	7
116	40	26
78	41	19
79	41	29
115	41	14
116	41	16
78	42	5
79	42	22
115	42	30
78	43	21
79	43	16
87	43	33
115	43	29
13	44	38
78	44	46
86	44	32
87	44	80
115	44	30
13	45	59
78	45	24
86	45	73
87	45	9
112	45	9
113	45	30
114	45	30
13	46	9
78	46	27
86	46	33
112	46	31
113	46	6
78	47	51
78	48	23
91	48	32
92	48	10
77	49	31
78	49	26
91	49	45
77	50	63
78	50	43
79	50	100
80	50	43
90	50	38
77	51	21
78	51	6
78	52	31
165	52	73
78	53	45
165	53	36
77	54	41
78	54	26
0	55	18
74	55	64
77	55	77
0	56	25
1	56	23
74	56	41
75	56	53
76	56	32
1	57	28
75	57	73
76	57	23
1	58	37
1	59	21
2	60	44
2	61	18
3	61	37
3	62	44
4	62	46
4	63	19
5	63	95
5	64	32
87	66	29
87	67	49
87	68	23
86	69	23
87	69	19
86	70	59
85	71	26
86	71	4
152	71	30
83	72	39
84	72	151
85	72	23
151	72	40
152	72	35
84	73	28
86	73	56
151	73	42
40	76	45
41	76	23
147	76	30
148	76	17
40	77	25
41	77	37
42	77	30
146	77	9
147	77	24
148	77	22
149	77	39
150	77	7
51	78	26
52	78	91
150	78	30
151	78	47
152	78	9
182	78	49
152	79	29
182	79	45
152	80	43
153	80	10
134	81	37
135	81	48
136	81	44
180	81	46
179	82	22
180	82	46
178	83	41
179	83	94
51	84	69
52	84	19
179	84	5
50	85	38
51	85	25
49	86	13
50	86	30
49	87	31
1	88	34
2	88	39
4	88	61
5	88	78
49	88	27
2	89	16
3	89	55
4	89	34
5	89	30
48	89	28
63	89	43
64	89	23
103	89	29
104	89	31
3	90	54
4	90	45
48	90	12
63	90	51
102	90	42
103	90	36
95	92	64
95	93	24
90	94	79
68	95	47
142	95	31
143	95	28
144	95	30
145	95	31
146	95	24
149	95	13
68	96	61
69	96	40
147	96	25
148	96	51
149	96	106
150	96	35
94	98	76
73	99	13
112	99	49
113	99	122
73	100	44
74	100	64
112	100	36
113	100	16
117	101	32
118	102	45
121	102	41
118	103	74
121	103	54
216	105	42
216	106	37
217	106	27
217	107	30
218	107	23
218	108	36
185	109	130
186	109	82
187	109	31
188	109	40
189	109	22
218	109	17
219	109	26
186	110	24
187	110	35
188	110	28
189	110	21
190	110	39
191	110	8
191	111	29
157	112	33
158	112	81
159	112	41
159	113	10
192	113	36
6	114	24
7	114	30
8	114	43
192	114	32
5	115	19
6	115	10
193	115	58
4	116	61
5	116	24
4	117	50
5	117	35
167	118	4
167	119	47
167	120	26
165	121	21
166	121	43
127	123	50
125	124	27
126	124	39
127	124	102
128	124	39
124	125	6
125	125	25
127	125	35
128	125	34
243	126	27
244	126	41
243	127	57
244	127	47
131	133	40
132	133	94
124	135	25
122	136	13
123	136	28
124	136	37
120	137	102
121	137	28
122	137	25
125	137	48
42	138	42
43	138	39
125	138	28
41	139	38
125	139	12
126	139	17
126	140	37
41	141	26
42	141	16
126	141	31
42	142	20
126	142	31
108	144	88
192	144	45
192	145	57
193	145	68
253	148	38
254	148	72
90	150	18
91	150	64
177	154	32
178	154	31
177	155	56
178	155	68
177	156	88
31	160	63
175	160	21
31	161	14
175	161	51
174	162	60
175	162	73
174	163	15
175	163	26
205	165	42
206	165	44
207	165	33
208	166	33
208	167	22
189	168	76
208	168	27
209	168	48
189	169	92
190	169	24
209	169	50
210	169	115
209	170	24
209	171	28
208	172	27
209	172	25
208	173	6
209	173	20
208	174	11
209	174	20
208	175	28
255	175	42
207	176	19
208	176	24
254	176	24
207	177	35
254	177	44
207	178	28
254	178	24
207	179	41
254	179	28
206	180	15
207	180	16
65	186	40
53	187	37
54	187	67
64	187	21
65	187	32
52	188	37
53	188	56
54	188	43
64	188	28
187	188	68
188	188	51
254	190	18
164	191	1
165	191	42
254	191	94
164	192	81
165	192	24
254	192	25
163	193	42
62	194	31
62	195	45
62	196	23
63	196	29
63	197	45
242	197	71
243	197	24
105	198	34
106	198	90
242	198	60
243	198	14
106	199	48
242	199	36
106	200	34
145	200	16
146	200	43
147	200	35
148	200	41
221	203	29
222	203	81
222	204	41
158	205	58
158	206	15
159	206	30
146	210	14
149	210	32
147	211	36
148	211	121
149	211	38
3	217	14
90	226	46
91	226	43
92	226	26
89	227	26
90	227	16
29	228	37
30	228	110
54	232	15
55	232	29
56	232	30
57	232	39
58	232	39
58	233	44
59	233	22
59	234	29
99	234	138
100	234	77
59	235	14
60	235	32
99	235	48
60	236	26
98	236	23
99	236	66
61	237	27
97	237	15
98	237	30
99	237	82
127	237	26
62	238	26
63	238	24
97	238	25
127	238	42
63	239	26
64	239	15
97	239	26
127	239	23
64	240	31
97	240	22
128	240	40
64	241	16
65	241	24
97	241	35
128	241	35
129	241	27
65	242	63
96	242	31
97	242	4
129	242	51
80	243	55
81	243	26
94	243	35
95	243	31
80	244	24
81	244	33
87	244	33
88	244	17
94	244	40
43	245	38
88	245	22
89	245	28
93	245	15
94	245	24
43	246	49
90	246	27
93	246	27
43	247	30
91	247	29
92	247	26
43	248	39
42	249	32
43	249	10
42	250	27
43	250	40
43	251	120
44	251	74
184	251	31
183	252	52
184	252	154
185	252	14
184	253	13
