142	4	49
140	5	31
141	5	44
142	5	22
76	7	46
77	7	19
127	7	29
128	7	39
129	7	63
76	8	23
77	8	30
129	8	47
77	9	32
129	9	42
77	10	30
129	10	53
129	11	67
56	12	30
57	12	28
58	12	8
128	12	10
129	12	71
58	13	16
59	13	24
129	13	68
59	14	17
60	14	27
7	15	24
60	15	27
61	15	25
7	16	57
8	16	37
32	16	23
2	17	14
3	17	48
4	17	12
6	17	31
7	17	76
8	17	81
32	17	34
3	18	1
4	18	34
5	18	32
6	18	26
32	18	35
31	19	20
32	19	22
31	20	39
31	21	10
32	21	31
33	22	28
34	22	28
34	23	17
64	25	27
65	25	27
167	25	51
168	25	61
66	26	37
67	26	44
68	26	42
167	26	73
163	27	41
164	27	78
165	27	34
166	27	33
167	27	8
163	28	44
164	28	29
250	37	75
2	38	16
3	38	83
250	38	40
251	38	40
253	38	52
251	39	37
252	39	48
253	39	57
254	39	79
255	39	20
224	42	82
225	42	31
224	43	63
51	44	52
223	44	10
224	44	43
51	45	27
52	45	72
223	45	28
52	46	8
223	46	54
224	47	34
224	48	82
225	48	24
60	49	46
61	49	43
62	49	16
135	49	37
224	49	101
62	50	41
63	50	98
134	50	32
135	50	19
132	51	30
133	51	38
130	52	37
131	52	39
130	53	37
53	54	27
54	54	40
119	54	39
120	54	42
121	54	23
123	54	19
124	54	16
53	55	36
54	55	49
117	55	21
118	55	44
121	55	16
122	55	37
123	55	17
124	55	68
125	55	18
140	55	51
117	56	28
124	56	5
125	56	47
127	56	13
140	56	16
141	56	48
125	57	9
126	57	53
141	57	11
142	57	41
104	62	63
105	62	48
104	63	23
113	63	16
114	63	47
112	64	46
113	64	22
104	65	11
105	65	16
109	65	52
110	65	21
111	65	23
35	66	26
104	66	24
105	66	21
106	66	32
107	66	34
108	66	40
109	66	12
246	66	62
247	66	68
248	66	50
35	67	39
246	67	31
247	67	53
248	67	71
35	68	33
14	69	61
15	69	18
35	69	27
41	69	64
42	69	17
14	70	25
15	70	50
35	70	29
38	70	14
39	70	30
40	70	47
41	70	93
42	70	26
13	71	58
14	71	43
35	71	21
36	71	33
37	71	27
38	71	24
39	71	23
73	71	51
74	71	78
13	72	14
14	72	19
73	72	75
74	72	55
75	72	30
13	73	34
75	73	32
11	74	24
12	74	36
13	74	8
75	74	9
76	74	40
10	75	24
11	75	24
76	75	38
10	76	37
57	82	28
58	82	17
57	83	57
58	83	15
252	92	23
242	93	13
243	93	14
252	93	40
252	94	38
252	95	9
101	96	36
102	97	32
102	98	25
103	98	27
104	98	31
105	98	8
105	99	23
104	100	18
105	100	52
104	101	19
93	103	35
94	104	34
95	104	41
96	104	103
97	104	13
165	104	24
95	105	18
96	105	65
165	105	50
166	106	30
166	107	25
167	108	31
167	109	12
168	109	22
37	110	162
160	110	61
161	110	98
162	110	36
163	110	45
168	110	25
36	111	35
37	111	25
161	111	46
162	111	52
168	111	33
169	111	5
169	112	37
169	113	26
47	114	32
48	114	32
126	114	39
169	114	21
45	115	24
46	115	67
47	115	13
126	115	33
170	115	28
171	115	12
46	116	52
125	116	20
126	116	22
171	116	36
46	117	21
125	117	30
170	117	130
171	117	21
124	118	16
125	118	24
170	118	34
171	118	53
172	118	18
124	119	35
171	119	21
172	119	36
123	120	6
124	120	29
172	120	55
123	121	41
124	121	44
51	126	74
52	126	21
53	127	38
54	127	32
52	128	11
53	128	23
55	131	79
56	131	97
57	131	11
30	132	73
56	132	25
30	133	10
108	134	72
109	134	32
108	135	30
109	135	13
108	136	43
108	137	111
177	147	53
178	147	45
121	148	9
122	148	30
177	148	20
122	149	66
123	149	22
122	150	55
123	150	77
122	151	26
98	152	29
97	153	36
99	153	45
100	153	30
96	154	45
97	154	16
99	154	39
95	155	34
96	155	71
0	156	5
1	156	34
2	156	33
95	156	54
0	157	41
3	157	21
159	157	19
3	158	25
158	158	52
159	158	38
4	159	43
23	159	36
24	159	29
158	159	122
3	160	26
4	160	16
20	160	33
21	160	32
22	160	20
23	160	20
171	163	83
172	163	81
8	164	41
171	164	66
249	164	8
250	164	24
8	165	36
248	165	45
249	165	30
7	166	27
8	166	32
5	167	17
6	167	12
7	167	46
4	168	30
5	168	80
6	168	40
5	169	43
154	171	55
154	172	35
155	172	26
193	172	55
194	172	20
193	173	40
8	174	88
9	174	47
193	174	20
9	175	29
10	175	28
10	176	33
11	176	17
180	176	60
181	176	171
180	177	6
181	177	16
123	178	56
122	179	56
123	179	11
127	179	59
183	179	65
121	180	32
122	180	25
182	180	25
183	180	32
77	181	21
121	181	133
122	181	25
182	181	34
76	182	50
77	182	37
76	183	39
77	184	26
28	192	23
102	192	25
254	192	76
255	192	85
27	193	5
28	193	51
101	193	30
102	193	93
255	193	10
27	194	32
26	195	32
26	196	41
23	198	96
24	198	72
23	199	15
223	200	33
222	201	16
223	201	14
222	202	32
221	203	12
222	203	24
38	204	60
221	204	34
38	205	37
39	205	47
221	205	29
222	205	33
222	206	59
41	210	19
41	211	51
42	211	32
41	216	39
42	216	26
82	216	50
42	217	52
43	217	80
81	217	11
82	217	32
81	218	21
80	219	28
80	220	52
20	223	19
21	223	50
22	223	27
22	224	44
255	224	30
254	225	55
255	225	51
253	226	5
254	226	31
249	229	11
250	229	50
247	230	32
248	230	32
249	230	35
250	230	52
32	232	32
31	233	62
32	233	10
221	234	29
221	235	12
222	235	34
223	236	34
224	237	15
86	239	47
87	239	29
84	240	94
85	240	41
84	241	28
83	242	91
84	242	63
85	242	22
85	243	34
86	248	53
86	249	73
171	253	49
172	253	12
219	253	25
220	253	48
157	254	12
158	254	18
174	254	62
218	254	20
219	254	34
220	254	19
221	254	29
158	255	20
173	255	20
174	255	45
218	255	36
220	255	27
221	255	10
