16	9	72
17	9	44
117	13	25
118	13	37
116	14	20
117	14	24
116	15	27
116	16	37
118	16	47
119	16	30
216	16	56
217	16	55
115	17	39
116	17	43
119	17	31
114	18	34
83	25	69
84	25	86
139	25	15
83	26	76
84	26	39
139	26	21
83	27	49
132	27	26
131	28	25
132	28	139
133	28	22
131	29	34
131	30	42
131	31	11
132	31	62
132	32	13
133	32	17
37	37	109
36	38	33
37	38	32
204	39	10
205	39	16
210	39	1
211	39	77
202	40	35
203	40	48
204	40	30
205	40	25
206	40	43
207	40	30
208	40	21
209	40	27
210	40	45
200	41	27
201	41	56
202	41	29
210	44	39
209	45	35
210	45	54
128	47	9
128	48	114
128	49	77
129	49	81
128	50	23
129	50	3
133	51	26
132	52	42
133	52	27
132	53	163
133	53	32
133	54	42
242	55	19
243	55	31
242	56	43
243	56	44
242	57	53
242	58	31
243	58	20
243	59	47
244	59	29
245	59	44
246	59	34
246	60	8
247	60	33
21	61	44
247	61	34
21	62	46
247	62	49
246	63	47
247	63	38
247	64	112
30	77	9
30	78	74
31	78	20
30	79	11
31	79	41
31	80	30
31	81	26
79	85	39
80	85	44
81	85	32
82	85	30
83	85	26
84	85	26
85	85	37
86	85	24
225	85	12
226	85	24
81	86	37
82	86	27
84	86	64
86	86	13
225	86	29
226	86	52
82	87	43
83	87	51
84	87	88
85	87	25
83	88	11
84	88	6
41	94	9
42	94	37
42	95	37
43	95	17
43	96	34
12	98	52
13	98	30
10	99	46
11	99	30
12	99	11
8	100	32
9	100	31
7	101	28
8	101	21
6	102	46
7	102	13
93	102	35
94	102	84
5	103	29
6	103	29
85	103	41
86	103	35
87	103	12
89	103	22
90	103	79
91	103	33
92	103	40
93	103	26
94	103	33
5	104	45
6	104	76
7	104	83
84	104	48
85	104	13
91	104	24
5	105	27
83	105	13
84	105	19
158	107	36
159	107	2
162	107	42
158	108	19
159	108	24
161	108	32
162	108	13
159	109	69
160	109	35
178	110	46
179	110	30
178	111	24
179	111	32
20	120	83
20	121	13
21	121	51
22	121	67
23	121	32
22	122	69
23	122	67
97	128	107
98	128	11
160	129	22
161	129	22
161	130	13
162	130	18
163	130	67
164	130	58
165	130	25
166	130	23
167	130	28
168	130	25
155	131	15
156	131	39
163	131	20
164	131	15
155	132	61
229	135	25
32	143	36
31	144	14
32	144	73
33	144	21
32	145	16
33	145	41
31	146	8
32	146	57
33	146	7
234	146	66
30	147	6
31	147	84
234	147	53
72	149	3
73	149	116
74	149	60
73	150	15
104	153	22
103	154	22
104	154	106
104	155	44
105	155	16
222	155	35
223	155	54
105	156	79
106	156	35
107	156	49
224	156	17
104	157	9
105	157	54
107	157	66
108	157	13
55	158	16
108	158	35
55	159	25
108	159	19
109	159	24
55	160	26
108	160	29
55	161	26
108	161	26
54	162	12
55	162	30
54	163	23
54	164	28
54	165	30
53	166	32
50	169	61
0	170	26
1	170	37
2	170	29
41	170	40
42	170	51
50	170	19
51	170	32
2	171	41
41	171	18
42	171	33
113	171	91
185	171	8
223	171	40
103	172	85
111	172	47
113	172	52
179	172	24
180	172	71
184	172	18
185	172	75
222	172	34
100	173	40
101	173	55
102	173	47
103	173	49
111	173	68
113	173	31
179	173	29
180	173	135
181	173	52
183	173	21
184	173	29
221	173	31
222	173	16
100	174	43
113	174	33
119	174	37
120	174	37
182	174	34
183	174	6
220	174	22
221	174	23
246	174	11
247	174	32
112	175	38
113	175	20
121	175	26
218	175	5
219	175	54
220	175	25
244	175	16
245	175	32
246	175	35
247	175	17
112	176	41
218	176	27
244	176	43
36	177	35
37	177	38
111	177	15
112	177	36
36	178	36
111	178	70
112	178	45
215	182	9
216	182	33
217	182	15
216	183	43
217	183	18
216	184	25
217	184	31
217	185	41
133	186	11
134	186	50
135	186	34
142	186	31
216	186	25
217	186	28
135	187	9
136	187	38
137	187	38
138	187	21
139	187	42
140	187	57
141	187	65
142	187	56
216	187	39
217	187	29
138	188	36
139	188	27
140	188	14
141	188	42
237	192	6
238	192	8
239	192	23
237	193	7
238	193	24
239	193	33
240	193	42
241	193	83
242	193	16
248	193	18
249	193	21
242	194	25
243	194	38
249	194	39
243	195	67
244	195	52
247	195	18
248	195	24
249	195	46
91	196	43
244	196	42
245	196	29
246	196	31
247	196	26
90	197	25
172	197	48
173	197	106
245	197	24
89	198	28
212	198	38
213	198	45
88	199	23
212	199	24
213	199	25
87	200	18
88	200	10
87	201	30
87	202	23
86	203	26
86	204	23
85	205	33
77	206	27
78	206	26
79	206	31
83	206	37
84	206	27
76	207	44
77	207	41
80	207	19
81	207	19
82	207	51
75	208	37
76	208	8
74	209	36
75	209	32
74	210	45
74	211	96
24	213	29
24	214	39
24	215	35
23	216	13
24	216	83
19	220	10
90	220	28
19	221	175
20	221	39
89	221	15
90	221	108
91	221	53
91	222	16
55	223	18
56	223	26
55	224	41
91	224	41
92	224	29
55	225	26
91	225	16
92	225	47
157	225	26
158	225	37
159	225	33
160	225	7
55	226	24
156	226	21
157	226	59
55	227	23
54	228	28
232	228	35
54	229	23
232	229	36
233	229	46
234	229	36
54	230	27
55	230	18
234	230	31
13	231	23
14	231	188
55	231	27
14	232	42
55	232	32
7	233	24
8	233	37
9	233	26
12	233	23
13	233	35
14	233	32
55	233	35
56	233	20
9	234	17
10	234	44
11	234	33
12	234	39
55	234	12
56	234	148
57	234	89
56	235	1
57	235	8
104	235	13
105	235	39
104	236	51
105	236	24
76	237	114
77	237	16
76	238	32
77	238	11
226	242	24
225	243	43
226	243	79
174	245	23
175	245	54
50	246	16
51	246	40
175	246	38
50	247	71
51	247	24
52	247	25
51	248	25
52	248	44
13	251	7
12	252	34
13	252	48
163	252	34
204	252	23
205	252	44
219	252	42
11	253	15
12	253	37
35	253	26
161	253	9
162	253	46
205	253	50
219	253	26
220	253	34
11	254	39
35	254	58
161	254	25
205	254	41
35	255	50
36	255	31
161	255	20
